4294967279,541
4294967278,349
4294967279,540
4294967279,169
4294967278,348
4294967279,539
4294967279,538
4294967279,537
4294967278,347
4294967278,346
4294967278,345
4294967279,536
4294967279,88
4294967278,344
4294967279,302
4294967278,300
4294967279,36
4294967279,535
4294967279,42
4294967279,41
4294967279,40
4294967279,39
4294967279,38
4294967279,37
4294967278,159
4294967294,18
4294967294,127
4294967294,20
4294967294,13
4294967279,299
4294967279,301
4294967278,299
4294967279,45
4294967279,157
4294967279,44
4294967279,300
4294967278,343
4294967279,43
4294967278,342
4294967279,534
4294967278,341
4294967278,340
4294967278,296
4294967278,150
4294967279,50
4294967279,49
4294967279,48
4294967279,47
4294967279,46
4294967278,147
4294967279,533
4294967278,339
4294967279,146
4294967278,338
4294967279,297
4294967278,144
4294967279,144
4294967279,55
4294967279,54
4294967279,53
4294967279,52
4294967279,51
4294967278,143
4294967279,143
4294967278,292
4294967279,295
4294967278,141
4294967279,60
4294967279,59
4294967279,58
4294967279,57
4294967279,56
4294967279,532
4294967278,290
4294967279,140
4294967278,139
4294967279,66
4294967279,65
4294967279,64
4294967279,63
4294967279,62
4294967279,61
4294967279,139
4294967278,289
4294967279,138
4294967278,285
4294967279,278
4294967278,275
4294967279,277
4294967279,72
4294967279,71
4294967279,70
4294967279,69
4294967279,68
4294967279,67
4294967278,337
4294967279,531
4294967278,134
4294967279,82
4294967279,81
4294967279,80
4294967279,79
4294967279,78
4294967279,77
4294967279,76
4294967279,75
4294967279,74
4294967279,73
4294967278,133
4294967279,288
4294967278,273
4294967279,275
4294967279,99
4294967279,98
4294967279,97
4294967279,96
4294967279,95
4294967279,94
4294967279,93
4294967279,92
4294967279,91
4294967279,90
4294967279,89
4294967279,87
4294967279,86
4294967279,85
4294967279,84
4294967279,83
4294967279,292
4294967278,283
4294967278,282
4294967279,128
4294967279,127
4294967279,126
4294967279,125
4294967279,124
4294967279,123
4294967279,122
4294967279,121
4294967279,120
4294967279,119
4294967279,118
4294967279,117
4294967279,116
4294967279,115
4294967279,114
4294967279,113
4294967279,112
4294967279,111
4294967279,110
4294967279,109
4294967279,108
4294967279,107
4294967279,106
4294967279,105
4294967279,104
4294967279,103
4294967279,102
4294967279,101
4294967279,100
4294967294,1010
4294967294,1009
4294967294,1007
4294967294,1006
4294967294,1001
4294967294,990
4294967294,964
4294967294,962
4294967294,961
4294967294,960
4294967294,436
4294967294,60
4294967294,50
4294967279,291
4294967278,268
4294967279,271
4294967278,267
4294967279,270
4294967278,280
4294967278,279
4294967279,268
4294967279,267
4294967279,266
4294967278,263
4294967278,262
4294967279,264
4294967278,261
4294967279,263
4294967278,259
4294967279,530
23,4
4294967278,258
23,3
23,2
23,1
4294967278,287
4294967279,261
4294967278,277
4294967279,259
4294967278,336
4294967279,529
4294967278,335
22,4
4294967279,528
4294967279,132
22,3
22,2
22,1
4294967279,527
4294967278,334
4294967279,526
4294967279,131
4294967278,333
4294967279,525
4294967279,130
4294967278,332
4294967279,524
4294967279,129
4294967278,331
4294967278,39
4294967278,38
4294967278,37
4294967278,36
4294967278,35
4294967278,34
4294967278,33
4294967278,32
4294967278,31
4294967278,30
4294967278,29
4294967278,28
4294967278,27
4294967278,26
4294967278,25
4294967278,24
4294967278,23
4294967278,22
4294967278,21
4294967278,20
4294967278,19
4294967278,18
4294967278,17
4294967278,16
4294967278,15
4294967278,14
4294967278,13
4294967278,12
4294967278,11
4294967278,10
4294967278,9
4294967278,8
4294967278,7
4294967278,6
4294967278,5
4294967278,4
4294967279,35
4294967279,34
4294967279,33
4294967279,32
4294967279,29
4294967279,27
4294967279,26
4294967279,23
4294967279,22
4294967279,19
4294967279,18
4294967279,17
4294967279,15
4294967279,14
4294967279,13
4294967279,12
4294967279,11
4294967279,523
4294967278,256
4294967278,330
4294967278,255
4294967279,522
4294967278,329
4294967278,253
4294967278,251
21,4
21,3
21,2
21,1
4294967279,521
4294967278,249
4294967278,247
4294967294,989
4294967294,988
4294967278,245
4294967278,246
4294967278,243
20,5
4294967278,239
20,4
4294967278,238
20,3
20,2
20,1
4294967278,328
4294967278,237
4294967294,120
4294967294,1028
4294967294,895
4294967294,982
4294967294,1024
4294967278,231
4294967278,234
4294967278,232
19,5
4294967278,230
